1.000000000000000000e+00 0.000000000000000000e+00 0.000000000000000000e+00 0.000000000000000000e+00 0.000000000000000000e+00 0.000000000000000000e+00 2.997481786955157740e-02 6.959218768723960009e-03 0.000000000000000000e+00 4.397946833891065721e-02 5.868965265093179645e-02 3.581102965519725179e-02 0.000000000000000000e+00 0.000000000000000000e+00 1.253767217362863201e-02 0.000000000000000000e+00 5.755933142566335009e-03 0.000000000000000000e+00 0.000000000000000000e+00 2.448651729761138970e-02 0.000000000000000000e+00 0.000000000000000000e+00 4.897300225548213010e-02 1.189986142415845952e-02 0.000000000000000000e+00 3.376228167156098553e-02 5.869320140037532357e-02 6.640898732830053698e-03 7.317021873184700702e-03 3.721100502425449957e-02 1.152137525371388013e-02 4.427585774501817395e-02 0.000000000000000000e+00 0.000000000000000000e+00 0.000000000000000000e+00 0.000000000000000000e+00 0.000000000000000000e+00 0.000000000000000000e+00 0.000000000000000000e+00 0.000000000000000000e+00 0.000000000000000000e+00 0.000000000000000000e+00 0.000000000000000000e+00 0.000000000000000000e+00 0.000000000000000000e+00 0.000000000000000000e+00 0.000000000000000000e+00 0.000000000000000000e+00 0.000000000000000000e+00 0.000000000000000000e+00 0.000000000000000000e+00 1.286296294450857934e-02 1.460212457650129220e-02 0.000000000000000000e+00 1.907529068706083353e-02 6.526686888296788502e-02 1.546926379567053339e-02 1.348546878623348155e-02 5.653822144329318650e-03 0.000000000000000000e+00 1.293404757226601295e-02 4.327767976904621505e-02 0.000000000000000000e+00 2.837100100090731228e-02 1.209776236322277626e-02 0.000000000000000000e+00 8.545019250737953889e-03 4.838629886589256024e-02 0.000000000000000000e+00 1.332079957509514807e-02 0.000000000000000000e+00 0.000000000000000000e+00 0.000000000000000000e+00 0.000000000000000000e+00 0.000000000000000000e+00 0.000000000000000000e+00 0.000000000000000000e+00 0.000000000000000000e+00 1.728785595427492078e-02 3.746665845853213578e-02 2.172460063288932791e-02 0.000000000000000000e+00 2.590830940221596629e-02 3.927814967189540568e-02 0.000000000000000000e+00 0.000000000000000000e+00 0.000000000000000000e+00 3.693048644180505630e-02 2.548012214336193085e-02 1.038784484937139117e-02 0.000000000000000000e+00 0.000000000000000000e+00 0.000000000000000000e+00 0.000000000000000000e+00 0.000000000000000000e+00 0.000000000000000000e+00 4.129602452210429792e-02 0.000000000000000000e+00 0.000000000000000000e+00 7.322370399985725364e-02 4.859188419723076136e-02 0.000000000000000000e+00 2.475358460044168804e-02 0.000000000000000000e+00
0.000000000000000000e+00 1.000000000000000222e+00 0.000000000000000000e+00 0.000000000000000000e+00 8.250173392316846946e-03 0.000000000000000000e+00 0.000000000000000000e+00 1.134721275505790744e-02 0.000000000000000000e+00 4.481864278526777497e-03 1.611418589881816882e-02 4.980130226101178725e-03 0.000000000000000000e+00 0.000000000000000000e+00 0.000000000000000000e+00 0.000000000000000000e+00 0.000000000000000000e+00 0.000000000000000000e+00 0.000000000000000000e+00 3.327166102023895733e-03 0.000000000000000000e+00 0.000000000000000000e+00 0.000000000000000000e+00 4.850769311294100307e-03 0.000000000000000000e+00 0.000000000000000000e+00 5.316722606842898269e-03 5.414091244327577483e-03 1.491327667079200446e-03 0.000000000000000000e+00 1.565495359219301521e-03 7.219310018005382391e-03 0.000000000000000000e+00 0.000000000000000000e+00 0.000000000000000000e+00 6.222130600416224747e-03 0.000000000000000000e+00 0.000000000000000000e+00 0.000000000000000000e+00 0.000000000000000000e+00 5.148725800694664914e-03 0.000000000000000000e+00 0.000000000000000000e+00 0.000000000000000000e+00 3.477496331408239452e-03 3.477496331408239452e-03 0.000000000000000000e+00 1.494662473721525275e-02 0.000000000000000000e+00 0.000000000000000000e+00 0.000000000000000000e+00 5.243360714845292196e-03 3.958835794061363322e-02 7.092138633598876057e-03 7.775706907053533262e-03 6.139590395934356806e-03 1.891732031501150435e-02 3.664742851759828814e-03 1.267574661958042852e-02 0.000000000000000000e+00 2.108934845476247155e-02 1.764138534096827693e-02 0.000000000000000000e+00 7.709959865947360429e-03 0.000000000000000000e+00 0.000000000000000000e+00 3.483226877058213673e-03 3.344838776529637184e-03 0.000000000000000000e+00 0.000000000000000000e+00 1.292291780657120470e-01 8.114639976942283894e-03 0.000000000000000000e+00 0.000000000000000000e+00 0.000000000000000000e+00 0.000000000000000000e+00 0.000000000000000000e+00 0.000000000000000000e+00 2.818836224456292006e-03 4.363607045959186359e-03 0.000000000000000000e+00 0.000000000000000000e+00 3.109128167649214021e-03 0.000000000000000000e+00 0.000000000000000000e+00 9.075802806654322333e-03 0.000000000000000000e+00 7.319384264189740530e-02 0.000000000000000000e+00 0.000000000000000000e+00 0.000000000000000000e+00 8.853938211295543995e-03 0.000000000000000000e+00 0.000000000000000000e+00 0.000000000000000000e+00 0.000000000000000000e+00 1.591209666600289924e-02 0.000000000000000000e+00 0.000000000000000000e+00 0.000000000000000000e+00 3.961525470596858819e-03 0.000000000000000000e+00 5.045181798528221989e-03 0.000000000000000000e+00
0.000000000000000000e+00 0.000000000000000000e+00 1.000000000000000000e+00 0.000000000000000000e+00 0.000000000000000000e+00 0.000000000000000000e+00 0.000000000000000000e+00 0.000000000000000000e+00 0.000000000000000000e+00 1.403731359273774522e-02 7.155068180545171366e-03 2.045539517277671776e-02 0.000000000000000000e+00 0.000000000000000000e+00 0.000000000000000000e+00 0.000000000000000000e+00 0.000000000000000000e+00 0.000000000000000000e+00 0.000000000000000000e+00 1.042076935997455177e-02 0.000000000000000000e+00 0.000000000000000000e+00 1.791142838558291289e-02 2.565195368175991406e-02 0.000000000000000000e+00 0.000000000000000000e+00 8.326055618799789795e-03 8.478536150731392704e-03 0.000000000000000000e+00 0.000000000000000000e+00 9.242141015495568962e-03 7.783131655365384781e-03 0.000000000000000000e+00 0.000000000000000000e+00 1.413665990054075450e-01 0.000000000000000000e+00 0.000000000000000000e+00 4.097014658966535022e-02 0.000000000000000000e+00 0.000000000000000000e+00 0.000000000000000000e+00 0.000000000000000000e+00 0.000000000000000000e+00 0.000000000000000000e+00 0.000000000000000000e+00 0.000000000000000000e+00 0.000000000000000000e+00 0.000000000000000000e+00 0.000000000000000000e+00 0.000000000000000000e+00 0.000000000000000000e+00 0.000000000000000000e+00 3.728550790491862860e-02 5.553189914740254939e-03 0.000000000000000000e+00 6.409784735607135936e-03 0.000000000000000000e+00 0.000000000000000000e+00 0.000000000000000000e+00 0.000000000000000000e+00 0.000000000000000000e+00 0.000000000000000000e+00 0.000000000000000000e+00 1.443515879029882293e-02 0.000000000000000000e+00 0.000000000000000000e+00 2.439684337843632533e-02 3.606067684968898568e-03 0.000000000000000000e+00 0.000000000000000000e+00 0.000000000000000000e+00 1.270763001394894544e-02 0.000000000000000000e+00 0.000000000000000000e+00 0.000000000000000000e+00 0.000000000000000000e+00 0.000000000000000000e+00 0.000000000000000000e+00 4.414333588685604055e-03 2.050039337193300393e-02 0.000000000000000000e+00 0.000000000000000000e+00 3.351948288945295201e-03 0.000000000000000000e+00 0.000000000000000000e+00 0.000000000000000000e+00 0.000000000000000000e+00 0.000000000000000000e+00 3.253085845889439054e-02 1.826050768881237740e-02 0.000000000000000000e+00 0.000000000000000000e+00 0.000000000000000000e+00 0.000000000000000000e+00 0.000000000000000000e+00 0.000000000000000000e+00 3.105616248125599773e-03 0.000000000000000000e+00 0.000000000000000000e+00 0.000000000000000000e+00 0.000000000000000000e+00 0.000000000000000000e+00 0.000000000000000000e+00 0.000000000000000000e+00
0.000000000000000000e+00 0.000000000000000000e+00 0.000000000000000000e+00 9.999999999999997780e-01 3.776342192312243107e-02 3.547685303567630483e-02 6.457280729555808785e-02 2.599648505145086413e-02 7.137397187707141683e-03 8.911504274316135732e-02 8.409910390248677425e-02 4.594938441570976806e-02 0.000000000000000000e+00 0.000000000000000000e+00 1.546335598093831476e-02 1.192173615103038209e-01 6.376604640198695051e-02 3.644921932602153240e-03 3.095509513197071405e-02 5.994645983862299105e-02 7.011719803463809832e-03 3.014683921451627446e-02 1.343536323682643224e-02 5.804745744124195639e-02 3.414693126340992424e-02 3.027823534034049247e-02 3.724785050958347166e-02 6.880960894855071841e-02 3.713059632816186062e-02 1.946720768117069650e-02 3.950821348917284148e-02 8.514989660564331597e-02 0.000000000000000000e+00 0.000000000000000000e+00 1.054694570051669528e-02 1.927513133132364651e-02 1.035209497603137643e-02 5.546417434989604073e-02 7.808560558313011601e-02 1.644445577905518513e-02 6.752643256771581615e-02 0.000000000000000000e+00 0.000000000000000000e+00 0.000000000000000000e+00 1.958270581097383209e-02 1.958270581097383209e-02 0.000000000000000000e+00 3.173666492783756843e-02 2.129175389116017697e-02 1.970572645415760368e-02 2.699379183531333895e-02 5.772437663463257651e-02 8.688817495376872924e-02 3.338191209248107111e-02 4.111724431397990875e-02 7.147477149684895725e-02 3.046124543158242395e-02 9.650069402572308830e-02 1.028549396310580143e-02 2.884711561414948083e-02 2.587071339601951930e-02 2.806734387419610247e-02 0.000000000000000000e+00 6.264691640234869296e-02 2.183004398794459108e-02 0.000000000000000000e+00 6.219183740874111022e-02 4.915598841487386211e-02 0.000000000000000000e+00 5.946969648612406012e-02 1.330905902402262919e-02 2.331975567152925338e-02 5.887874545946719662e-03 2.844753413722583835e-02 4.662336584123692035e-02 0.000000000000000000e+00 0.000000000000000000e+00 0.000000000000000000e+00 4.914800604090937414e-02 2.081335551300247666e-01 5.492808844864614792e-02 1.587917949135047441e-02 4.048973438211731640e-02 4.905950554292597826e-02 3.052468064299685216e-02 4.664205497030045333e-02 1.377386370739429669e-02 6.169595302272391779e-02 1.085641769499696985e-02 2.286838878651676482e-02 0.000000000000000000e+00 7.856988516709205450e-03 0.000000000000000000e+00 1.886135050108501965e-02 8.103085916232924402e-02 0.000000000000000000e+00 5.580062044788582781e-02 2.680434070067154104e-03 2.175687414277978002e-02 1.030849381654138155e-02 7.834946544255870504e-02 3.656733450813089148e-02 3.899707391246422239e-02 1.832870896786759074e-02
0.000000000000000000e+00 8.250173392316846946e-03 0.000000000000000000e+00 3.776342192312243107e-02 1.000000000000000222e+00 1.910266846444909003e-02 2.523070956970491913e-02 1.541017120142047260e-02 0.000000000000000000e+00 1.963535390638553382e-02 1.234396500638500205e-01 4.085367514885816786e-02 0.000000000000000000e+00 0.000000000000000000e+00 4.755567943372359871e-03 1.046846923460338641e-02 3.013169876083572271e-02 1.168724518709545607e-02 0.000000000000000000e+00 3.450841029076332639e-02 3.790506992606470366e-02 0.000000000000000000e+00 4.608708183263929975e-02 2.564830403738609446e-02 1.065991559431975558e-02 1.571130160947166107e-02 2.345885817794082090e-02 3.998347161400193223e-02 3.408516889042400438e-02 2.109514268638813111e-02 1.561098371454154587e-02 5.470630754161522058e-02 0.000000000000000000e+00 0.000000000000000000e+00 8.454552844765641714e-03 7.253382099714330601e-03 0.000000000000000000e+00 0.000000000000000000e+00 0.000000000000000000e+00 2.030482197848716697e-02 4.305961813562938362e-02 0.000000000000000000e+00 0.000000000000000000e+00 0.000000000000000000e+00 6.154182607837146296e-03 6.154182607837146296e-03 0.000000000000000000e+00 3.077145242583960091e-02 2.340158352363946523e-02 0.000000000000000000e+00 1.661984175119474161e-02 3.412693181078852583e-02 2.282032037534956204e-02 2.547380381534478447e-02 4.165181135303094861e-02 1.140249245877928141e-01 2.456086758760157168e-02 4.327692498173020541e-02 1.326290656502500387e-02 1.215126761013612250e-02 2.779022833094801914e-02 1.301301893559163488e-02 0.000000000000000000e+00 1.635176300373641228e-02 1.462009737194161323e-02 0.000000000000000000e+00 2.699645713379553169e-02 4.927802337512089681e-02 9.737112048766722455e-03 2.378353658282859537e-02 0.000000000000000000e+00 1.640727258151963505e-02 4.567472193647428326e-03 0.000000000000000000e+00 0.000000000000000000e+00 0.000000000000000000e+00 0.000000000000000000e+00 0.000000000000000000e+00 2.635746584339580117e-02 4.909317502727969518e-02 6.837649668436670061e-03 0.000000000000000000e+00 3.513990303896753764e-02 4.999117912361901450e-02 0.000000000000000000e+00 1.674301968632375959e-02 4.315606841117432257e-02 8.124220350302658114e-03 2.322494929450179268e-02 4.646784106642015688e-02 0.000000000000000000e+00 2.861202392979043593e-02 0.000000000000000000e+00 1.511947525502649152e-02 2.308925731790899619e-02 0.000000000000000000e+00 4.354356182103639311e-02 0.000000000000000000e+00 9.268690335455478935e-03 1.652681415011348492e-02 9.112792175644725268e-02 1.870641202791179653e-02 5.509300840479660483e-02 2.372945086281636612e-02
0.000000000000000000e+00 0.000000000000000000e+00 0.000000000000000000e+00 3.547685303567630483e-02 1.910266846444909003e-02 1.000000000000000222e+00 2.483123608497935994e-02 1.500806524376782983e-02 0.000000000000000000e+00 1.363486640317980274e-02 3.683607574804546175e-02 3.515278340849228855e-02 0.000000000000000000e+00 0.000000000000000000e+00 3.938472603481945125e-03 0.000000000000000000e+00 3.063240863401655439e-02 1.262300283042042288e-02 0.000000000000000000e+00 2.274168010498039266e-02 2.923974316152869873e-02 0.000000000000000000e+00 2.089268532693852945e-02 3.135097961036927006e-02 4.567524401340470296e-03 2.287185496993885542e-02 1.459538244234773532e-02 5.006670589475985776e-03 2.210276149238606797e-02 0.000000000000000000e+00 2.802093245638828667e-02 1.981833518021910989e-02 0.000000000000000000e+00 0.000000000000000000e+00 0.000000000000000000e+00 5.753903448454261021e-03 0.000000000000000000e+00 0.000000000000000000e+00 0.000000000000000000e+00 3.134292098165025048e-03 2.618700919871303628e-02 0.000000000000000000e+00 0.000000000000000000e+00 0.000000000000000000e+00 8.971443046639351188e-03 8.971443046639351188e-03 0.000000000000000000e+00 0.000000000000000000e+00 1.233513464842723832e-02 0.000000000000000000e+00 0.000000000000000000e+00 1.595151446087453295e-02 3.870556816784261056e-02 6.097822019493215340e-02 3.700856932308703440e-02 2.641016915589968275e-02 3.403125179324685556e-02 2.420834291109579331e-02 1.462024298705519657e-02 4.150345214928272131e-02 1.836773909772643903e-02 3.739140819198066845e-02 0.000000000000000000e+00 1.782442683586185237e-03 4.234941031856499782e-02 0.000000000000000000e+00 6.114670960927846149e-02 2.840866697473031985e-02 0.000000000000000000e+00 7.532059079356519422e-03 0.000000000000000000e+00 2.172330197958612097e-02 4.933174029063618071e-03 0.000000000000000000e+00 0.000000000000000000e+00 0.000000000000000000e+00 0.000000000000000000e+00 0.000000000000000000e+00 4.248882840720327042e-02 6.662646351878513673e-02 5.459497950133945267e-03 0.000000000000000000e+00 5.406249498427131983e-02 1.300387127315826355e-02 0.000000000000000000e+00 0.000000000000000000e+00 0.000000000000000000e+00 2.784243334552873299e-03 1.719082745797956974e-02 3.362584538386186039e-02 0.000000000000000000e+00 0.000000000000000000e+00 0.000000000000000000e+00 0.000000000000000000e+00 2.493793497188571268e-02 0.000000000000000000e+00 2.851989938326875834e-02 0.000000000000000000e+00 0.000000000000000000e+00 0.000000000000000000e+00 4.503668130380533707e-02 2.429444770739049714e-02 6.998283420800018202e-03 6.706315792179656093e-03
2.997481786955157740e-02 0.000000000000000000e+00 0.000000000000000000e+00 6.457280729555808785e-02 2.523070956970491913e-02 2.483123608497935994e-02 9.999999999999997780e-01 4.349739802361876628e-02 8.473561628818555500e-03 5.474163947218082388e-02 8.568244019800846933e-02 3.254026064447784750e-02 0.000000000000000000e+00 5.672115297309058418e-02 1.434880309369579790e-02 1.680387159962257876e-02 3.522218042546437083e-02 1.298182088618999967e-02 0.000000000000000000e+00 6.945367368806683317e-02 1.840825939932607194e-02 0.000000000000000000e+00 1.777642673148023197e-02 6.034498634625880265e-02 2.629918140116874886e-02 2.821416902023921036e-02 4.151372990084475217e-02 1.156833510361844480e-01 9.793784347239485599e-02 3.154510129006109220e-02 2.384318492715338869e-02 1.690130480203454466e-01 0.000000000000000000e+00 0.000000000000000000e+00 1.252139849286444326e-02 2.162216564510593964e-02 0.000000000000000000e+00 1.193074884538262714e-01 7.761587347718013584e-03 4.443333425322127522e-02 8.230538487888250376e-02 0.000000000000000000e+00 0.000000000000000000e+00 0.000000000000000000e+00 3.134126740648729426e-02 3.134126740648729426e-02 0.000000000000000000e+00 4.163342619114775850e-02 4.057769601412113125e-02 1.353946525950928612e-02 6.057236451519518519e-03 8.415602563271064318e-02 7.138362445055983219e-02 2.956940878906449965e-02 5.222317369985431806e-02 1.125107577225723104e-01 3.411400823837353741e-02 6.051208660368299908e-02 1.852662948132960744e-02 2.593207482422418136e-02 4.633494788836317602e-02 2.715714885391844191e-02 0.000000000000000000e+00 2.009775816203893117e-02 4.918616336253473637e-02 0.000000000000000000e+00 5.987448996402337797e-02 7.222598067996191529e-02 0.000000000000000000e+00 2.162929278159239632e-02 0.000000000000000000e+00 5.922669123915616507e-02 5.073403096398986650e-03 6.405258143878468646e-02 0.000000000000000000e+00 0.000000000000000000e+00 0.000000000000000000e+00 3.290077379642305372e-02 7.125251825456543897e-02 1.809967058127471273e-01 2.098480201453712876e-02 0.000000000000000000e+00 3.696136335396023320e-02 1.266537530442186366e-01 0.000000000000000000e+00 4.159122922060819530e-03 4.013380138107826289e-02 2.450426624519300503e-02 2.285890064311773065e-02 3.838143213874534165e-02 0.000000000000000000e+00 5.257121282560297225e-03 0.000000000000000000e+00 2.239231076406357143e-02 2.564681394955303784e-02 4.080073242927569586e-03 5.393264183399931744e-02 1.482078594435024162e-02 5.583893101063511916e-02 1.271615474817783427e-02 1.534892298358745688e-01 4.776789503734969050e-02 5.601794835050852295e-02 1.338393867540182622e-02
6.959218768723960009e-03 1.134721275505790744e-02 0.000000000000000000e+00 2.599648505145086413e-02 1.541017120142047260e-02 1.500806524376782983e-02 4.349739802361876628e-02 1.000000000000000222e+00 4.597632563612294790e-03 6.132025029409170908e-02 4.822112803836501455e-02 3.090789694414999497e-02 0.000000000000000000e+00 0.000000000000000000e+00 6.439706371321618321e-03 1.349661756830539648e-02 1.708183350890742774e-02 4.115291754690846709e-02 0.000000000000000000e+00 3.175619153470879419e-02 0.000000000000000000e+00 0.000000000000000000e+00 6.957115245880113839e-03 1.271874170432233005e-02 1.026910884956376731e-02 1.486699360129865866e-02 3.169953358673593957e-02 1.149229871434546552e-01 2.139032301722868651e-02 6.045010262851594623e-03 1.464598485286174555e-02 6.483617143420755680e-02 0.000000000000000000e+00 0.000000000000000000e+00 8.721235783460434474e-03 1.329343281684207054e-02 5.706742893621031230e-03 1.104874599202743807e-02 0.000000000000000000e+00 2.026254236437665182e-02 3.508174199834755008e-02 0.000000000000000000e+00 0.000000000000000000e+00 0.000000000000000000e+00 2.739942139364551221e-01 2.739942139364551221e-01 0.000000000000000000e+00 1.178824312532453060e-02 1.462175020909538270e-02 0.000000000000000000e+00 2.516475374893438997e-03 3.844517473920708306e-02 2.162797851312068392e-02 3.008776616708349477e-02 3.467711357097281316e-02 8.336430345457807034e-02 2.849174076184888757e-02 3.735941074934801681e-02 2.123484459888019468e-02 1.094860265522113775e-02 1.611051913476747866e-02 4.784754123112826968e-02 0.000000000000000000e+00 2.379562882318246586e-02 1.421655210810560642e-02 0.000000000000000000e+00 2.710592752880177508e-02 5.025281373818416691e-02 0.000000000000000000e+00 1.252999151626901439e-02 0.000000000000000000e+00 2.870242204783590156e-01 3.926287081311105945e-03 0.000000000000000000e+00 0.000000000000000000e+00 0.000000000000000000e+00 0.000000000000000000e+00 0.000000000000000000e+00 2.664651096076751102e-01 6.271739958751343380e-02 7.178100822096836545e-03 0.000000000000000000e+00 3.112285086867821668e-02 3.487741512883141271e-02 0.000000000000000000e+00 3.115774464047540299e-02 1.138956399818662202e-02 1.260553693492550698e-01 2.872787091766762502e-03 2.219070051078241013e-02 0.000000000000000000e+00 1.324570975390374633e-02 0.000000000000000000e+00 4.353373447782152295e-02 1.984797036103682494e-02 0.000000000000000000e+00 3.650205853500086001e-02 0.000000000000000000e+00 9.561053707226419701e-03 2.952294928851267874e-03 6.178796792379000202e-02 1.017725745200804936e-02 6.471342985783014312e-02 5.337521219178557701e-03
0.000000000000000000e+00 0.000000000000000000e+00 0.000000000000000000e+00 7.137397187707141683e-03 0.000000000000000000e+00 0.000000000000000000e+00 8.473561628818555500e-03 4.597632563612294790e-03 1.000000000000000000e+00 1.255239777493641698e-02 3.686875436396027869e-03 0.000000000000000000e+00 0.000000000000000000e+00 0.000000000000000000e+00 0.000000000000000000e+00 0.000000000000000000e+00 1.697450896989129848e-02 0.000000000000000000e+00 0.000000000000000000e+00 3.998529856808108462e-02 0.000000000000000000e+00 0.000000000000000000e+00 0.000000000000000000e+00 6.727928062204151759e-03 1.370118537106484319e-02 0.000000000000000000e+00 3.446744149996656958e-02 3.754622625449856831e-03 5.480341614410121423e-03 0.000000000000000000e+00 4.384496995566537943e-03 1.704393003235475657e-02 0.000000000000000000e+00 0.000000000000000000e+00 0.000000000000000000e+00 0.000000000000000000e+00 0.000000000000000000e+00 2.111116529926238342e-02 2.532770202031203732e-02 5.493145138002603761e-03 0.000000000000000000e+00 5.936970780508218221e-02 0.000000000000000000e+00 0.000000000000000000e+00 2.073503332648289621e-02 2.073503332648289621e-02 0.000000000000000000e+00 0.000000000000000000e+00 9.276017360091462841e-03 0.000000000000000000e+00 0.000000000000000000e+00 2.003444941761099371e-02 0.000000000000000000e+00 0.000000000000000000e+00 1.890323767748475214e-02 0.000000000000000000e+00 1.641991651317928347e-02 2.672766835803873364e-02 1.867608826759662886e-03 2.126523248241008607e-02 0.000000000000000000e+00 0.000000000000000000e+00 0.000000000000000000e+00 0.000000000000000000e+00 1.381152897980562205e-02 0.000000000000000000e+00 0.000000000000000000e+00 1.801532023603896054e-02 0.000000000000000000e+00 3.237703453406554077e-02 0.000000000000000000e+00 9.282440208623267408e-03 0.000000000000000000e+00 0.000000000000000000e+00 0.000000000000000000e+00 0.000000000000000000e+00 0.000000000000000000e+00 0.000000000000000000e+00 3.975192125886266303e-02 4.991585777451362609e-03 1.305151257115633526e-02 0.000000000000000000e+00 1.082233728540448608e-02 1.482110532025467629e-02 0.000000000000000000e+00 0.000000000000000000e+00 0.000000000000000000e+00 4.358915681951332916e-02 0.000000000000000000e+00 6.862766544983801321e-03 0.000000000000000000e+00 1.434965767018646192e-02 0.000000000000000000e+00 0.000000000000000000e+00 0.000000000000000000e+00 0.000000000000000000e+00 1.471162288214313343e-02 0.000000000000000000e+00 3.949379601348672331e-02 3.632449334743999281e-02 1.845722212586104957e-02 6.094927244444750536e-02 3.270708693240011872e-02 0.000000000000000000e+00
4.397946833891065721e-02 4.481864278526777497e-03 1.403731359273774522e-02 8.911504274316135732e-02 1.963535390638553382e-02 1.363486640317980274e-02 5.474163947218082388e-02 6.132025029409170908e-02 1.255239777493641698e-02 9.999999999999996669e-01 8.600748429600313383e-02 8.473740298888536582e-02 0.000000000000000000e+00 0.000000000000000000e+00 3.196490133809024720e-02 0.000000000000000000e+00 3.246237370205109357e-02 9.523553789889022819e-03 0.000000000000000000e+00 3.857303113006426559e-02 3.053402877696438297e-03 0.000000000000000000e+00 1.479958123993863235e-02 5.004498933887914502e-02 1.810399520485399538e-01 8.348014607786027885e-02 2.604625729255884842e-02 4.275581595116894479e-02 3.352166050355040450e-02 1.263815708235537308e-02 2.537140155470181402e-02 5.902542229726004397e-02 0.000000000000000000e+00 0.000000000000000000e+00 2.842416820044090658e-02 9.570984281647871086e-03 0.000000000000000000e+00 1.416561924673102602e-01 3.366300512868854178e-02 1.816176979012504994e-02 3.490531104918179195e-02 0.000000000000000000e+00 0.000000000000000000e+00 0.000000000000000000e+00 1.284558706310210720e-02 1.284558706310210720e-02 0.000000000000000000e+00 3.276265887612242467e-02 1.053956397100420939e-02 8.581278708898170543e-03 0.000000000000000000e+00 3.124858218324059328e-02 4.911526588049319048e-02 2.731235981772033375e-02 3.265848713010023607e-02 6.403206855618641391e-02 2.849520637927622710e-02 4.824736502186557224e-02 1.537841381834660799e-02 3.242478061922794610e-03 3.440266322373161656e-02 3.465672200304139444e-02 0.000000000000000000e+00 9.399717206374562373e-02 1.827406958009461166e-02 0.000000000000000000e+00 2.153488083135739195e-02 5.646829884612548922e-02 5.289636058803484121e-03 1.184215837917050249e-02 0.000000000000000000e+00 5.512411488450110614e-02 9.155525871845215241e-03 1.651744698546245629e-02 0.000000000000000000e+00 0.000000000000000000e+00 0.000000000000000000e+00 0.000000000000000000e+00 3.889495992290144255e-02 9.730458389236032457e-02 1.724651287403592206e-02 0.000000000000000000e+00 2.706982705343341511e-02 4.986978713220555082e-02 0.000000000000000000e+00 9.822048591032082540e-03 0.000000000000000000e+00 1.681178897713480822e-02 1.494323469809304486e-02 2.862796947278911999e-02 2.187043082473482183e-02 7.934945611186544623e-03 0.000000000000000000e+00 0.000000000000000000e+00 1.881468049275546520e-02 2.227657002899612743e-02 3.718825921936284168e-02 0.000000000000000000e+00 0.000000000000000000e+00 1.865731853898139683e-02 6.396446321956773817e-02 1.325968906527072444e-02 4.618748186612380707e-02 9.935727039646697484e-03
5.868965265093179645e-02 1.611418589881816882e-02 7.155068180545171366e-03 8.409910390248677425e-02 1.234396500638500205e-01 3.683607574804546175e-02 8.568244019800846933e-02 4.822112803836501455e-02 3.686875436396027869e-03 8.600748429600313383e-02 1.000000000000000000e+00 8.483201527177924861e-02 0.000000000000000000e+00 0.000000000000000000e+00 2.497874184924232105e-02 4.024234837297106793e-02 7.065452103719210841e-02 5.367739159360113144e-02 0.000000000000000000e+00 8.251353847904417671e-02 1.053361293264571015e-02 0.000000000000000000e+00 4.550964298461567664e-02 9.541697463609223606e-02 4.748337887337204799e-02 6.901036468629413723e-02 7.742882147174806606e-02 4.585640215778683665e-02 6.749644223784297126e-02 4.022902179418329227e-02 6.962814127903478589e-02 1.065221831117113549e-01 0.000000000000000000e+00 0.000000000000000000e+00 1.173747173950681448e-02 2.309913826397538492e-02 1.301212053273758003e-02 4.564666116526364809e-02 2.027346409785922565e-02 4.604072653825310585e-02 1.058532532758950512e-01 0.000000000000000000e+00 1.366688110335291355e-02 0.000000000000000000e+00 1.743177137692923998e-02 1.743177137692923998e-02 0.000000000000000000e+00 3.980105165741871370e-02 5.820280532501654475e-02 5.089569552420578416e-03 7.074120940167918925e-03 7.315014782973781882e-02 8.854560224273158586e-02 6.376404123099563281e-02 1.037851610613001740e-01 1.243724433192005957e-01 6.428212323435215925e-02 1.223602534007597886e-01 4.879731797932131132e-02 2.686785258076378885e-02 4.507275978281584383e-02 6.316444118619252146e-02 0.000000000000000000e+00 4.287076322097068543e-02 3.572190915240060910e-02 0.000000000000000000e+00 6.687825615604198193e-02 1.808232818696681454e-01 3.137291252451227842e-03 6.079749222134414599e-02 1.976354210041283976e-02 6.034619408465859147e-02 3.724531093750138577e-02 4.943667524468807473e-02 0.000000000000000000e+00 0.000000000000000000e+00 0.000000000000000000e+00 6.291867001746586849e-03 8.777587037962031324e-02 1.629681690140464545e-01 3.711654065477360681e-02 4.653116073253360518e-02 9.799015086972499844e-02 7.771546338228210726e-02 0.000000000000000000e+00 3.373787424910202563e-03 3.557495711078146813e-03 4.214669409631529445e-02 4.849037472103399915e-02 7.948619558017568087e-02 0.000000000000000000e+00 2.353837427554351241e-02 0.000000000000000000e+00 4.871485222895766999e-03 1.729540295514065129e-01 6.496390206928803410e-03 9.046965509940713135e-02 1.246167681464229078e-03 2.673412023704725346e-02 3.022271839856708817e-02 1.646730823659787180e-01 5.426797858339898334e-02 6.811662791959977037e-02 7.531230862938813331e-02
3.581102965519725179e-02 4.980130226101178725e-03 2.045539517277671776e-02 4.594938441570976806e-02 4.085367514885816786e-02 3.515278340849228855e-02 3.254026064447784750e-02 3.090789694414999497e-02 0.000000000000000000e+00 8.473740298888536582e-02 8.483201527177924861e-02 1.000000000000000222e+00 0.000000000000000000e+00 2.311854402056398930e-02 1.741359613855200661e-02 9.022225900936282211e-03 6.360354279289473500e-02 1.998883345076777132e-02 4.992895131484519251e-03 4.903914780046014082e-02 1.044919799048626974e-02 4.862527674429480314e-03 1.664424169421816965e-02 7.822456927376976454e-02 1.551608953251484846e-02 4.107854883215945885e-02 6.220053898576888285e-02 2.254161765441791559e-02 5.199499441773676456e-02 1.363243763919197438e-01 9.818174771223077413e-02 6.635101820255087657e-02 1.288343380399975535e-02 0.000000000000000000e+00 4.308312609901936152e-02 1.762969157375060547e-02 1.001843303394205770e-02 0.000000000000000000e+00 4.498852585435869286e-03 2.632882787049676751e-02 6.793773335183879436e-02 0.000000000000000000e+00 8.534952604589675362e-03 0.000000000000000000e+00 1.974057511814694688e-02 1.974057511814694688e-02 0.000000000000000000e+00 4.809918229748477020e-03 3.983045377523059677e-02 3.678965220909860903e-03 6.462606431392386303e-03 5.065107437119586303e-02 5.589881045072278565e-02 6.078308852877163659e-02 6.473076932447414944e-02 6.945928153266202332e-02 3.280553664550357740e-02 5.731656071762362969e-02 2.647537929469710380e-02 2.169299546915416307e-02 5.787658152794423333e-02 1.128118291511876065e-01 0.000000000000000000e+00 3.054953972365326981e-02 1.919373032833056672e-02 0.000000000000000000e+00 6.888696866500962357e-02 6.208281857733229103e-02 1.582128318378881737e-01 2.912136509775460277e-02 0.000000000000000000e+00 5.607862719240606919e-02 9.824375267547948848e-03 3.058959095230365244e-03 0.000000000000000000e+00 0.000000000000000000e+00 0.000000000000000000e+00 4.469925518404476925e-03 5.958295366492021711e-02 7.502977457985833543e-02 3.312218317512430343e-02 8.390681266841856431e-03 7.500475463617257976e-02 8.975345817341820465e-02 1.504573544778610092e-02 4.225188013232870909e-03 1.090522089564727876e-02 2.346918851379417928e-02 1.836470581369324326e-02 2.855907648756507086e-02 0.000000000000000000e+00 2.448926139174377112e-02 0.000000000000000000e+00 6.084474603525155505e-03 6.330660682888236690e-02 1.211004017651055170e-02 5.299367988380793842e-02 2.970845817474030478e-03 7.275640731809996167e-03 6.910507935961066224e-03 9.797512027808964741e-02 2.075164997917552934e-02 4.993281946537309057e-02 1.943289290332839842e-02
0.000000000000000000e+00 0.000000000000000000e+00 0.000000000000000000e+00 0.000000000000000000e+00 0.000000000000000000e+00 0.000000000000000000e+00 0.000000000000000000e+00 0.000000000000000000e+00 0.000000000000000000e+00 0.000000000000000000e+00 0.000000000000000000e+00 0.000000000000000000e+00 1.000000000000000000e+00 0.000000000000000000e+00 0.000000000000000000e+00 0.000000000000000000e+00 0.000000000000000000e+00 0.000000000000000000e+00 0.000000000000000000e+00 0.000000000000000000e+00 0.000000000000000000e+00 0.000000000000000000e+00 0.000000000000000000e+00 0.000000000000000000e+00 0.000000000000000000e+00 0.000000000000000000e+00 0.000000000000000000e+00 2.025536781465839264e-02 0.000000000000000000e+00 0.000000000000000000e+00 0.000000000000000000e+00 2.700910885754912241e-02 0.000000000000000000e+00 0.000000000000000000e+00 0.000000000000000000e+00 0.000000000000000000e+00 0.000000000000000000e+00 0.000000000000000000e+00 0.000000000000000000e+00 0.000000000000000000e+00 0.000000000000000000e+00 0.000000000000000000e+00 0.000000000000000000e+00 0.000000000000000000e+00 0.000000000000000000e+00 0.000000000000000000e+00 0.000000000000000000e+00 0.000000000000000000e+00 0.000000000000000000e+00 0.000000000000000000e+00 0.000000000000000000e+00 0.000000000000000000e+00 6.721732833361994397e-02 0.000000000000000000e+00 0.000000000000000000e+00 0.000000000000000000e+00 0.000000000000000000e+00 1.371065079228357339e-02 0.000000000000000000e+00 0.000000000000000000e+00 0.000000000000000000e+00 0.000000000000000000e+00 0.000000000000000000e+00 0.000000000000000000e+00 0.000000000000000000e+00 0.000000000000000000e+00 0.000000000000000000e+00 0.000000000000000000e+00 0.000000000000000000e+00 0.000000000000000000e+00 0.000000000000000000e+00 0.000000000000000000e+00 0.000000000000000000e+00 0.000000000000000000e+00 0.000000000000000000e+00 0.000000000000000000e+00 0.000000000000000000e+00 0.000000000000000000e+00 0.000000000000000000e+00 1.632526341463899286e-02 0.000000000000000000e+00 0.000000000000000000e+00 0.000000000000000000e+00 0.000000000000000000e+00 0.000000000000000000e+00 0.000000000000000000e+00 0.000000000000000000e+00 0.000000000000000000e+00 0.000000000000000000e+00 0.000000000000000000e+00 0.000000000000000000e+00 0.000000000000000000e+00 0.000000000000000000e+00 0.000000000000000000e+00 0.000000000000000000e+00 0.000000000000000000e+00 2.361689470517016123e-02 0.000000000000000000e+00 0.000000000000000000e+00 0.000000000000000000e+00 0.000000000000000000e+00 0.000000000000000000e+00 0.000000000000000000e+00 0.000000000000000000e+00
0.000000000000000000e+00 0.000000000000000000e+00 0.000000000000000000e+00 0.000000000000000000e+00 0.000000000000000000e+00 0.000000000000000000e+00 5.672115297309058418e-02 0.000000000000000000e+00 0.000000000000000000e+00 0.000000000000000000e+00 0.000000000000000000e+00 2.311854402056398930e-02 0.000000000000000000e+00 1.000000000000000000e+00 0.000000000000000000e+00 0.000000000000000000e+00 0.000000000000000000e+00 0.000000000000000000e+00 0.000000000000000000e+00 1.544522582767597803e-02 0.000000000000000000e+00 0.000000000000000000e+00 0.000000000000000000e+00 0.000000000000000000e+00 0.000000000000000000e+00 0.000000000000000000e+00 8.591038245609589064e-02 1.256652949629054848e-02 0.000000000000000000e+00 0.000000000000000000e+00 0.000000000000000000e+00 0.000000000000000000e+00 0.000000000000000000e+00 0.000000000000000000e+00 0.000000000000000000e+00 0.000000000000000000e+00 0.000000000000000000e+00 0.000000000000000000e+00 0.000000000000000000e+00 3.146775758275206780e-02 0.000000000000000000e+00 0.000000000000000000e+00 0.000000000000000000e+00 0.000000000000000000e+00 8.071541141400047359e-02 8.071541141400047359e-02 0.000000000000000000e+00 0.000000000000000000e+00 0.000000000000000000e+00 0.000000000000000000e+00 0.000000000000000000e+00 0.000000000000000000e+00 0.000000000000000000e+00 0.000000000000000000e+00 0.000000000000000000e+00 1.900062640835270197e-02 0.000000000000000000e+00 0.000000000000000000e+00 0.000000000000000000e+00 0.000000000000000000e+00 4.895002826041902622e-02 0.000000000000000000e+00 0.000000000000000000e+00 0.000000000000000000e+00 0.000000000000000000e+00 0.000000000000000000e+00 0.000000000000000000e+00 1.926019392494473029e-02 0.000000000000000000e+00 0.000000000000000000e+00 0.000000000000000000e+00 5.650414336599634407e-02 0.000000000000000000e+00 0.000000000000000000e+00 0.000000000000000000e+00 0.000000000000000000e+00 0.000000000000000000e+00 0.000000000000000000e+00 6.542739485034622382e-03 0.000000000000000000e+00 0.000000000000000000e+00 0.000000000000000000e+00 0.000000000000000000e+00 0.000000000000000000e+00 0.000000000000000000e+00 0.000000000000000000e+00 0.000000000000000000e+00 4.192999163402641449e-02 4.821586947271369605e-02 0.000000000000000000e+00 0.000000000000000000e+00 0.000000000000000000e+00 0.000000000000000000e+00 0.000000000000000000e+00 0.000000000000000000e+00 0.000000000000000000e+00 1.953604967920543473e-02 0.000000000000000000e+00 0.000000000000000000e+00 0.000000000000000000e+00 1.839002130919744488e-02 0.000000000000000000e+00 4.684104720383400200e-02 0.000000000000000000e+00
1.253767217362863201e-02 0.000000000000000000e+00 0.000000000000000000e+00 1.546335598093831476e-02 4.755567943372359871e-03 3.938472603481945125e-03 1.434880309369579790e-02 6.439706371321618321e-03 0.000000000000000000e+00 3.196490133809024720e-02 2.497874184924232105e-02 1.741359613855200661e-02 0.000000000000000000e+00 0.000000000000000000e+00 1.000000000000000666e+00 3.604920102286249955e-03 4.965540730010045700e-02 6.033279712625740435e-03 0.000000000000000000e+00 1.980627475506031160e-02 0.000000000000000000e+00 0.000000000000000000e+00 8.817275177489926688e-03 1.084467600255789241e-02 1.666829462565953476e-02 1.871144914986139496e-01 1.223808229551066884e-02 1.205038964615877742e-02 1.200527940066006480e-02 7.501418528177376983e-03 3.612860461008939039e-02 1.774656820827314255e-02 0.000000000000000000e+00 0.000000000000000000e+00 1.969791014481020452e-02 1.865503073679292134e-02 0.000000000000000000e+00 2.849161106256745124e-02 1.718312189625790729e-02 4.429893574163111004e-03 1.711070010066313360e-02 0.000000000000000000e+00 0.000000000000000000e+00 0.000000000000000000e+00 3.201543041618345325e-03 3.201543041618345325e-03 0.000000000000000000e+00 0.000000000000000000e+00 9.286069161058140009e-03 0.000000000000000000e+00 0.000000000000000000e+00 5.115482322014782215e-03 1.082766490784430741e-02 3.434897473752313024e-02 1.774438044342767709e-02 1.886237516420836632e-02 6.848759316865459489e-03 1.753903027248969806e-02 1.289515765493140335e-02 4.539301568157821931e-03 5.390520744059008190e-03 7.824016084859164444e-03 0.000000000000000000e+00 3.752903638964805166e-02 2.056557162844476969e-02 0.000000000000000000e+00 7.477432058612819461e-03 2.249908593193432685e-02 5.525422582252653529e-03 5.888115601334027727e-02 0.000000000000000000e+00 9.115262058240949233e-03 4.423220170585918931e-03 0.000000000000000000e+00 0.000000000000000000e+00 0.000000000000000000e+00 0.000000000000000000e+00 0.000000000000000000e+00 1.576687764665212280e-02 2.134989756154881055e-02 2.043412088048119149e-02 1.051364427000632713e-02 2.211114873500710787e-02 9.336792262067794557e-03 0.000000000000000000e+00 0.000000000000000000e+00 4.559854724294013992e-03 4.054237627368605795e-02 1.850827625734237846e-03 7.458546942572943234e-03 0.000000000000000000e+00 1.008397168558698882e-02 0.000000000000000000e+00 6.244073559604577245e-03 1.191931422039036945e-02 0.000000000000000000e+00 2.141888998544326517e-02 0.000000000000000000e+00 3.827803761677483520e-03 5.318830634288351962e-03 2.377873779110023858e-02 6.982379243872027103e-03 1.093968098809779479e-02 3.205345000629421497e-03
